256
0 37 158 208 37 178 135 54 254 59 61 159 212 226 168 192 155 72 241 45 79 74 65 145 94 67 197 230 151 18 107 225 75 122 98 250 70 179 87 32 116 141 226 142 134 112 198 184 51 80 123 251 240 181 30 45 3 35 106 155 164 26 204 153 28 134 22 80 112 14 219 198 200 71 11 17 17 231 42 84 33 237 130 52 53 150 191 28 224 159 212 166 131 239 248 201 43 67 31 113 228 243 61 247 106 255 181 210 16 122 238 112 197 6 203 241 218 0 11 28 119 12 253 203 164 112 206 248 237 116 202 23 62 44 63 0 128 253 55 53 183 204 34 91 210 61 45 200 199 108 77 32 231 50 219 147 13 190 182 254 148 176 202 79 200 134 219 214 88 116 173 178 170 109 91 166 119 88 68 130 20 214 174 135 246 3 214 181 56 133 221 119 41 87 201 212 209 200 45 123 177 211 3 105 130 12 65 65 3 239 113 57 88 174 54 199 58 160 20 1 219 40 169 183 98 15 116 11 154 179 59 14 97 170 46 125 120 200 135 114 137 207 153 84 206 6 243 6 225 73 51 65 33 96 225 211 
37 0 171 48 144 36 71 136 13 11 220 177 1 172 198 46 228 23 254 149 42 230 188 145 170 36 146 145 228 173 205 183 10 65 0 177 144 211 101 155 156 68 18 94 47 173 48 99 120 180 87 3 237 237 175 231 160 185 237 125 233 77 198 125 122 129 235 3 56 53 120 105 23 0 46 156 236 198 57 242 40 225 33 147 13 242 255 146 247 128 37 239 255 237 154 148 160 90 87 114 187 76 22 191 248 213 179 23 181 48 137 195 112 120 23 180 246 136 35 106 38 184 62 243 38 6 100 179 255 43 141 117 230 163 20 100 117 171 114 161 192 174 251 194 43 34 57 85 105 47 81 176 249 239 99 97 210 44 167 138 96 199 250 123 205 144 60 203 195 118 223 50 138 238 222 165 209 167 215 24 93 25 235 120 182 200 214 85 127 127 142 81 183 104 44 179 122 151 14 87 171 30 69 1 17 44 222 100 161 160 34 195 37 75 58 225 203 36 5 9 42 154 33 68 66 48 145 72 41 109 16 155 246 24 87 50 48 142 28 211 79 235 183 114 88 165 242 135 149 75 51 124 50 133 226 127 
158 171 0 85 186 107 153 127 34 50 46 51 48 148 161 160 200 242 233 153 119 164 244 1 67 9 207 190 124 73 127 26 38 87 207 99 61 138 234 78 227 175 132 74 8 25 70 30 125 232 49 88 223 108 233 144 202 89 113 173 115 55 142 176 182 4 223 180 195 62 15 88 225 14 76 103 191 69 176 54 230 78 222 136 90 141 31 21 11 137 205 141 91 125 13 33 179 80 89 89 236 5 142 160 222 158 222 191 85 183 26 51 51 12 15 190 117 248 152 60 144 207 143 100 182 77 89 99 217 216 106 208 197 123 183 179 212 16 48 160 50 53 154 183 52 24 185 153 37 18 216 142 130 240 18 202 180 197 46 150 145 170 50 215 47 0 62 128 61 141 205 96 110 231 228 112 188 28 185 166 163 169 228 127 119 28 19 170 123 207 241 182 114 249 151 3 88 164 199 52 131 232 97 154 58 109 47 124 76 204 143 54 161 107 125 177 156 13 44 154 225 26 70 73 47 173 11 127 195 197 234 148 9 84 68 69 8 92 170 237 123 98 71 176 74 87 16 12 196 246 152 80 20 171 138 92 
208 48 85 0 153 116 180 131 101 246 54 102 89 42 148 26 215 144 17 236 157 204 1 208 148 175 233 20 211 192 190 161 182 150 160 114 19 169 122 4 76 152 167 89 244 58 84 214 61 220 214 17 50 6 173 99 100 225 18 3 17 18 6 155 234 71 151 214 17 193 138 21 97 183 25 238 65 45 22 205 151 153 99 79 143 34 105 240 6 243 114 39 212 167 118 55 207 244 172 207 17 141 180 129 176 163 53 242 28 112 175 81 240 145 252 13 74 120 12 219 109 232 166 14 24 114 159 22 241 166 35 60 157 252 60 18 202 193 79 242 136 46 113 111 26 202 177 230 234 141 82 125 207 166 17 234 108 14 69 223 37 91 121 18 194 191 146 24 176 35 199 57 4 215 113 134 113 165 236 138 84 26 64 174 11 210 163 196 199 251 95 167 91 208 112 68 151 94 107 155 217 82 94 210 248 179 87 43 215 230 28 70 124 203 33 74 97 48 223 240 186 37 214 246 223 94 114 136 55 57 209 202 193 217 2 12 211 0 46 230 92 15 247 172 213 38 182 31 252 255 144 69 137 66 145 222 
37 144 186 153 0 138 118 210 138 198 247 143 25 135 21 154 14 56 38 203 66 24 161 205 235 2 31 10 225 206 205 197 159 154 109 73 167 103 66 92 252 242 224 144 149 41 178 67 221 215 107 50 185 186 176 131 64 74 219 115 132 60 77 119 29 213 160 168 143 67 213 203 19 117 167 158 244 191 117 139 123 104 191 135 234 65 91 153 18 74 29 60 144 25 171 115 174 84 106 42 32 184 135 142 226 28 29 18 205 88 183 36 127 62 12 13 172 106 161 210 54 108 228 110 241 116 212 249 94 0 130 86 158 29 223 105 27 201 85 232 146 220 37 143 179 3 157 165 116 81 16 241 207 155 179 85 175 186 72 146 229 138 152 170 4 244 169 113 188 250 181 189 183 131 57 64 59 20 8 93 143 189 209 16 91 186 4 26 39 161 223 163 4 70 252 230 26 57 156 223 22 84 109 57 145 97 241 190 191 250 46 134 176 164 146 15 100 93 111 19 48 109 16 56 28 104 149 19 31 51 39 59 195 165 230 92 103 123 66 56 25 135 188 212 88 90 209 159 78 62 249 55 189 254 48 131 
178 36 107 116 138 0 147 29 151 213 137 44 211 100 251 242 149 59 64 246 201 18 10 20 202 0 141 246 250 97 216 251 14 62 106 56 54 159 121 15 153 136 87 154 202 236 206 254 190 158 218 205 60 244 115 95 247 127 105 98 239 164 181 143 174 229 138 49 118 252 244 192 102 166 126 60 239 80 201 216 168 18 95 161 16 198 145 139 155 188 255 163 96 54 209 15 65 224 33 186 216 22 241 72 38 245 227 167 37 137 120 229 180 214 78 22 228 45 195 192 130 84 17 206 138 211 185 33 157 242 84 178 17 215 152 253 83 255 111 199 33 117 82 240 239 63 21 63 38 254 80 235 184 233 33 45 206 169 168 194 182 176 212 176 86 57 8 109 245 79 186 201 98 153 137 179 130 252 227 162 115 43 180 37 221 242 81 23 166 121 185 192 124 107 182 120 11 157 212 71 180 255 196 254 200 188 61 108 154 194 47 66 57 168 242 49 137 28 154 250 121 205 193 122 101 195 72 196 243 97 204 155 45 6 74 45 64 223 154 233 60 236 115 68 15 205 108 163 64 175 221 19 197 203 69 95 
135 71 153 180 118 147 0 37 106 81 225 87 38 129 1 27 214 44 210 22 5 82 156 123 117 155 164 81 166 191 39 107 126 62 90 50 29 35 182 20 128 82 149 176 90 25 30 206 192 106 213 91 93 2 44 174 233 172 113 117 204 34 99 226 223 96 28 246 115 82 25 191 43 51 222 75 112 221 13 104 159 50 42 244 62 253 8 253 178 30 42 157 42 206 4 138 48 240 200 30 35 81 62 38 202 229 255 107 89 23 34 107 81 139 232 180 134 246 123 240 90 109 155 232 64 233 98 114 93 2 109 47 89 179 122 40 88 130 93 100 179 169 153 23 117 13 81 41 196 24 193 92 46 90 216 255 98 116 75 11 248 203 106 170 104 91 132 158 118 88 172 59 47 246 156 16 243 48 69 113 197 247 160 67 205 100 199 94 101 193 111 223 81 40 202 227 176 208 3 159 157 108 242 60 181 134 48 213 207 180 173 189 249 243 252 35 30 252 176 220 87 239 232 101 34 127 215 193 158 62 76 112 249 247 213 15 188 243 128 126 192 155 83 230 48 117 238 42 52 227 109 237 156 229 105 84 
54 136 127 131 210 29 37 0 56 118 93 211 70 156 242 170 113 79 193 203 94 154 8 80 22 54 172 162 41 153 227 225 148 67 165 38 21 91 141 11 176 249 23 65 16 115 143 2 86 203 86 136 164 146 40 149 103 200 21 218 138 183 49 191 106 255 145 121 179 92 191 127 49 25 218 37 10 206 74 68 50 33 173 230 140 105 141 72 127 68 252 149 159 88 179 38 33 180 222 173 13 221 82 67 190 66 228 176 72 205 168 250 82 167 240 27 68 32 5 9 37 151 127 10 127 4 230 82 237 237 25 158 103 198 42 12 128 66 229 188 223 89 20 65 104 33 187 248 39 247 49 225 31 13 249 69 3 136 9 182 180 23 43 169 184 20 148 80 43 166 49 48 0 138 179 72 227 113 215 106 231 114 145 81 1 72 2 241 28 9 180 63 230 154 108 227 39 109 177 107 89 238 173 201 163 32 234 253 97 194 193 0 121 42 125 49 73 77 96 185 249 147 127 10 187 180 191 136 127 201 17 208 129 20 230 184 78 177 56 107 222 174 127 226 55 227 117 218 64 41 100 202 144 126 29 7 
254 13 34 101 138 151 106 56 0 96 134 73 35 30 147 226 207 231 233 214 164 124 240 187 64 249 208 79 209 187 100 90 24 36 162 67 243 249 62 129 4 131 206 46 253 220 220 72 92 30 197 231 134 15 163 14 255 237 80 159 155 244 149 255 118 30 139 208 219 38 19 123 172 209 226 230 60 112 4 83 112 148 16 150 223 104 181 210 105 174 226 217 143 241 100 165 73 128 29 57 218 111 42 96 234 217 89 162 75 193 117 23 107 156 27 85 211 146 246 134 132 182 189 130 113 233 238 205 17 200 244 38 242 128 145 46 70 214 234 67 249 195 224 97 13 147 212 23 154 5 245 28 219 240 2 35 103 249 105 248 163 243 22 210 89 21 162 173 159 232 254 91 212 57 116 151 115 122 200 15 207 135 138 204 102 85 29 142 101 29 91 186 159 147 149 146 49 24 70 27 224 50 127 203 69 2 175 45 170 168 0 30 29 159 129 173 160 176 153 233 148 224 140 187 187 48 66 74 201 145 161 204 28 93 80 101 229 79 30 64 72 0 47 117 205 42 229 142 72 7 230 16 57 73 74 14 
59 11 50 246 198 213 81 118 96 0 78 116 250 90 17 246 168 90 145 16 5 42 148 96 176 215 149 46 185 232 168 125 118 139 85 50 154 200 151 121 99 115 180 156 2 118 149 78 20 202 41 196 72 147 196 49 12 62 194 111 8 109 191 175 194 232 141 25 162 66 77 141 111 238 247 184 255 243 167 177 64 53 211 134 122 106 144 160 102 4 167 98 193 81 139 108 103 173 85 27 237 110 180 46 220 78 76 43 250 255 28 157 104 118 89 40 3 187 253 148 94 26 153 98 66 158 234 239 241 129 34 29 3 157 187 100 61 6 210 255 3 82 40 168 208 84 28 80 216 75 9 147 102 149 194 233 255 48 123 138 227 71 33 195 28 253 181 24 97 243 45 118 224 202 219 12 79 180 63 248 186 46 238 89 38 143 140 122 42 251 216 82 103 249 133 85 37 91 182 215 172 122 98 113 91 126 179 131 186 62 187 211 167 223 34 226 108 169 149 153 60 2 40 87 31 77 8 198 60 189 223 77 55 142 130 18 150 181 211 8 195 22 233 31 255 117 152 113 27 174 186 70 201 127 146 0 
61 220 46 54 247 137 225 93 134 78 0 154 141 16 106 33 71 41 243 52 20 170 54 6 99 80 233 167 6 238 93 225 99 187 16 164 217 157 131 44 194 14 252 245 62 16 210 26 253 53 124 24 35 197 43 117 128 38 180 85 177 156 110 57 73 167 3 131 58 76 104 139 51 17 72 24 251 131 84 209 196 143 122 10 177 160 51 160 228 57 128 109 71 60 165 9 89 33 189 61 186 101 56 171 21 147 216 28 33 35 184 162 70 245 186 23 22 208 88 231 4 6 8 173 52 200 53 94 204 197 202 105 70 82 4 32 109 247 79 89 171 201 145 226 25 21 220 167 242 217 252 148 46 95 41 58 88 14 142 133 229 250 46 56 151 9 84 72 164 80 82 152 215 117 189 147 192 81 158 191 253 48 187 53 166 213 46 87 60 69 37 237 9 32 195 8 22 227 96 164 84 128 252 224 18 8 144 27 250 245 104 128 40 126 17 143 71 46 124 249 196 138 33 62 100 117 13 117 112 246 70 1 198 180 221 121 152 44 40 98 224 115 140 113 174 183 79 160 5 138 25 198 236 205 114 44 
159 177 51 102 143 44 87 211 73 116 154 0 166 64 9 121 57 130 212 250 164 189 35 134 94 228 103 235 85 20 193 8 129 124 82 57 231 148 132 247 253 170 210 118 71 179 112 4 60 235 86 74 92 204 74 206 188 78 24 103 76 178 82 2 143 74 137 174 241 90 107 158 197 176 49 161 229 13 252 166 233 187 236 118 173 2 244 29 86 13 191 49 87 223 145 240 121 246 189 29 129 67 186 207 85 149 2 230 46 119 27 180 98 58 238 79 244 99 82 221 197 230 141 75 13 23 247 157 29 245 44 195 154 153 134 56 185 212 251 209 221 31 166 120 172 9 212 191 151 162 165 64 132 4 4 73 188 104 130 164 136 245 97 234 158 59 69 141 52 60 184 26 68 18 7 226 124 78 38 121 48 80 97 156 158 111 188 179 244 23 207 224 197 59 97 239 3 226 241 109 130 234 202 52 240 77 96 68 46 242 254 240 226 224 94 106 153 40 217 90 87 196 106 14 15 90 152 217 106 139 114 25 142 47 170 10 212 147 37 138 81 99 135 47 99 16 167 102 40 124 160 39 70 141 212 63 
212 1 48 89 25 211 38 70 35 250 141 166 0 231 169 18 6 181 122 240 157 58 231 27 120 139 119 180 126 97 108 13 253 46 39 102 84 22 252 195 218 216 167 201 143 134 17 128 107 135 89 115 218 152 184 117 247 41 47 97 146 23 145 22 219 118 152 96 242 253 164 200 65 166 253 54 156 47 163 127 240 179 248 98 242 47 192 80 249 29 149 129 166 222 127 252 85 55 124 144 132 49 179 31 98 224 68 116 70 235 125 178 86 34 37 89 160 191 52 36 133 164 244 231 94 237 6 155 43 9 108 95 141 119 169 103 26 63 15 47 47 27 123 25 61 166 40 218 236 253 98 76 122 81 5 98 118 125 33 131 201 25 54 231 41 248 248 79 179 64 101 144 137 114 49 60 184 64 82 83 205 224 173 238 23 26 178 170 157 160 139 44 153 215 243 223 142 245 224 169 239 48 75 26 159 205 190 153 249 86 50 1 38 222 234 86 37 137 21 81 84 58 94 196 169 212 243 151 50 189 247 40 4 140 207 196 168 111 218 217 144 88 229 40 183 187 179 50 106 107 43 36 87 160 68 242 
226 172 148 42 135 100 129 156 30 90 16 64 231 0 39 85 14 141 17 99 222 62 18 51 22 198 98 25 198 86 192 89 253 44 94 71 32 58 194 155 212 138 0 78 179 50 45 14 204 32 163 184 166 168 139 226 218 171 234 136 116 101 107 28 144 245 84 172 115 191 114 93 126 91 62 71 179 50 105 153 237 212 235 1 94 42 19 138 242 11 96 209 142 228 14 7 216 61 187 184 46 167 52 197 30 176 131 144 181 184 20 19 204 186 48 240 81 226 77 242 80 140 206 33 187 155 90 147 247 39 31 161 21 77 112 183 215 42 64 81 246 149 196 119 33 104 225 100 109 218 42 40 250 154 207 89 191 227 214 168 89 189 85 216 158 208 52 238 233 51 95 19 238 32 139 25 161 10 16 95 94 47 34 75 138 77 135 14 219 12 36 104 47 186 64 78 80 68 85 156 88 189 78 160 75 181 243 230 246 21 34 197 208 113 230 29 158 24 82 109 4 31 82 237 137 56 254 199 140 79 80 26 209 241 254 4 254 193 76 194 152 6 22 89 93 159 8 232 207 165 193 123 98 85 189 123 
168 198 161 148 21 251 1 242 147 17 106 9 169 39 0 140 178 244 165 70 181 87 36 75 94 117 51 208 220 204 165 4 201 252 125 175 88 20 59 161 110 90 55 156 229 24 157 70 220 70 183 39 64 29 43 231 30 95 200 2 96 7 223 205 40 10 50 73 169 167 241 239 146 155 31 115 150 245 182 159 219 49 140 158 160 205 54 140 115 38 108 132 21 63 22 9 226 215 213 128 15 238 9 88 94 196 151 40 155 111 135 231 81 197 193 99 166 188 212 191 99 10 90 45 93 255 111 162 212 61 38 27 27 35 209 33 16 232 170 50 50 107 30 128 194 145 212 220 114 78 162 56 196 201 135 138 112 155 104 250 185 100 6 44 63 129 229 34 87 186 181 190 152 223 186 37 215 161 250 250 7 145 218 186 73 60 234 176 26 242 230 116 9 101 126 138 74 35 119 32 8 174 112 125 189 196 35 80 244 119 111 250 198 9 126 155 1 138 95 168 138 20 243 88 110 31 129 125 6 96 114 46 139 207 209 61 63 6 239 61 166 85 205 156 82 60 137 151 216 85 186 217 162 56 172 145 
192 46 160 26 154 242 27 170 226 246 33 121 18 85 140 0 78 172 244 25 131 27 229 137 135 231 91 213 59 27 56 2 118 120 227 64 99 97 188 88 132 108 103 11 87 131 224 202 246 252 116 195 139 135 67 111 64 99 74 216 85 168 68 85 132 183 139 114 249 217 113 61 124 138 63 113 148 42 225 107 217 18 94 99 188 222 248 119 51 127 25 151 152 183 159 92 136 1 5 99 127 201 9 221 86 147 235 68 42 105 6 238 102 104 149 194 206 142 196 224 104 60 244 238 151 10 38 37 165 69 74 208 85 120 96 202 45 213 123 99 73 198 93 18 255 251 144 156 130 96 115 98 254 145 134 102 92 252 127 61 154 62 238 213 63 220 226 14 116 214 141 141 252 54 15 111 127 119 34 213 182 13 98 252 114 107 163 22 152 125 138 217 198 165 243 48 70 218 156 226 205 32 161 154 59 141 245 227 224 12 133 98 41 202 76 59 26 234 94 226 167 158 54 39 141 67 46 105 118 191 243 46 82 145 5 75 245 200 219 92 121 99 42 93 98 76 250 129 96 105 247 116 212 53 90 55 
155 228 200 215 14 149 214 113 207 168 71 57 6 14 178 78 0 140 112 157 111 17 107 92 56 212 185 236 34 178 170 251 130 83 63 195 196 65 191 49 202 47 199 45 150 106 21 233 255 46 111 71 33 163 181 175 21 159 175 28 202 53 47 31 187 21 61 20 104 188 46 128 105 28 118 111 71 12 92 43 2 26 56 32 64 131 126 132 93 44 252 196 137 169 85 0 14 16 59 3 135 64 233 85 73 204 209 119 42 218 83 88 18 241 27 97 81 57 254 41 147 77 252 238 67 218 181 75 96 224 232 102 152 68 89 234 39 11 55 181 189 218 102 46 166 244 210 239 235 81 198 160 208 90 74 24 132 244 120 219 147 34 239 24 183 119 200 125 70 32 100 44 215 46 178 241 95 240 120 62 243 23 242 50 38 207 180 102 29 75 26 169 0 201 81 200 81 37 165 91 40 223 154 40 2 143 163 97 22 24 218 45 67 182 22 26 71 229 47 253 203 174 140 229 199 140 97 17 106 63 183 67 187 233 5 85 19 148 43 31 24 36 189 116 64 75 92 176 226 163 82 252 107 191 28 195 
72 23 242 144 56 59 44 79 231 90 41 130 181 141 244 172 140 0 137 230 226 76 30 133 198 140 139 176 238 181 149 69 16 3 244 91 122 1 223 84 89 185 64 241 216 144 61 220 195 126 246 58 206 165 202 107 59 169 109 172 40 255 133 108 201 226 106 228 139 226 142 20 21 56 159 19 161 182 177 5 57 1 183 132 62 244 94 18 52 118 37 77 73 216 211 61 113 70 247 3 117 45 150 86 204 90 202 46 191 14 67 88 105 207 61 45 251 212 99 249 142 220 141 40 43 110 55 188 89 154 127 159 152 102 97 33 223 236 106 58 7 97 227 139 178 142 230 113 52 123 41 210 93 62 183 211 37 245 207 114 158 65 144 169 106 232 53 207 125 232 152 244 158 55 108 249 133 206 0 228 210 211 166 0 105 66 142 10 153 135 8 235 98 32 199 218 144 210 206 17 128 144 45 71 25 23 165 171 207 121 43 138 251 86 125 58 11 95 112 125 60 225 93 119 23 32 206 76 95 239 122 90 2 153 73 173 151 233 83 250 192 125 153 13 50 43 183 225 17 197 73 226 166 131 89 187 
241 254 233 17 38 64 210 193 233 145 243 212 122 17 165 244 112 137 0 86 20 122 107 66 37 13 51 32 234 158 6 103 244 209 45 98 26 168 136 164 255 165 118 15 18 170 187 171 177 106 136 218 155 132 185 132 223 79 251 121 103 246 116 173 1 191 165 133 110 86 110 14 38 114 186 162 89 88 86 241 215 3 125 4 111 96 246 3 254 84 136 224 86 112 158 143 28 52 20 136 174 31 8 213 120 226 253 48 250 228 135 82 201 136 234 118 163 176 27 63 201 63 61 191 202 3 254 105 121 5 56 103 136 166 16 188 113 185 17 151 203 176 152 129 104 134 140 75 88 213 171 89 87 243 0 183 166 185 153 133 247 145 163 176 65 204 220 191 19 87 99 83 16 2 248 112 41 191 126 91 90 28 226 112 8 50 152 238 178 41 187 210 196 165 13 193 1 148 176 149 5 250 200 153 201 132 25 4 247 121 5 20 55 12 61 225 116 169 253 145 57 168 39 43 171 224 169 221 203 117 150 86 120 48 102 232 202 204 21 131 253 162 154 112 64 72 215 248 92 102 9 21 195 195 62 151 
45 149 153 236 203 246 22 203 214 16 52 250 240 99 70 25 157 230 86 0 111 48 7 156 171 121 103 198 73 249 78 138 43 93 126 81 205 62 191 121 2 152 35 117 34 65 20 163 85 105 164 26 224 211 4 40 148 196 83 198 234 12 63 148 133 166 237 106 105 159 35 229 167 139 125 131 58 169 250 57 205 93 219 128 252 106 54 211 110 243 152 105 128 216 13 207 128 123 209 38 174 242 132 69 211 50 20 146 36 105 10 11 196 90 88 181 189 150 110 132 214 217 198 45 208 164 52 31 51 145 232 193 156 143 229 73 103 125 173 142 99 208 92 138 138 128 145 29 4 165 190 114 13 25 29 221 101 100 24 218 214 112 252 37 4 158 134 158 188 183 193 4 243 204 21 172 172 116 130 117 36 204 133 192 158 31 136 146 120 185 102 154 67 105 90 129 22 134 40 217 206 151 112 171 193 113 12 226 146 193 45 182 146 105 6 94 43 242 176 93 27 155 35 249 199 255 119 23 77 169 27 254 213 119 210 202 170 107 96 71 169 249 148 124 49 216 14 206 243 101 164 24 33 56 227 207 
79 42 119 157 66 201 5 94 164 5 20 164 157 222 181 131 111 226 20 111 0 202 93 92 225 62 234 143 22 211 29 28 15 116 222 114 128 156 12 171 120 195 82 25 52 135 40 156 214 77 117 170 92 191 55 63 104 203 135 181 97 144 177 35 62 71 54 199 213 39 99 192 96 249 88 133 66 49 47 93 124 60 167 245 235 239 181 222 114 46 188 40 150 136 63 178 82 47 94 93 0 243 50 224 231 164 47 81 113 133 255 166 255 150 240 105 104 139 211 11 232 113 175 24 190 76 97 64 122 23 232 217 39 1 142 180 61 137 231 222 23 177 78 68 199 248 206 179 105 150 197 248 132 190 49 202 29 207 130 120 124 203 163 43 154 50 183 88 141 82 106 64 208 236 137 57 179 40 86 7 56 30 212 187 202 19 199 212 182 40 62 32 3 116 26 23 188 84 40 165 5 35 34 146 180 168 178 124 73 3 157 208 61 71 52 133 189 215 127 172 230 70 98 214 73 30 134 35 159 66 222 126 229 82 163 216 241 233 29 212 131 177 201 8 114 162 97 22 227 209 23 251 138 18 4 37 
74 230 164 204 24 18 82 154 124 42 170 189 58 62 87 27 17 76 122 48 202 0 175 182 164 118 223 157 94 142 12 188 231 230 44 77 133 74 203 149 88 176 61 92 113 239 1 254 237 59 66 129 59 116 178 18 1 23 43 141 248 1 145 57 148 210 61 81 10 182 145 132 10 254 75 187 228 180 41 201 61 29 75 28 246 82 202 110 47 30 3 22 199 185 220 186 211 114 194 55 123 226 13 180 1 175 211 106 118 76 136 35 42 56 99 117 106 147 177 250 102 70 44 126 239 118 197 128 48 89 4 39 142 200 166 250 133 250 217 23 102 58 116 1 26 126 80 14 165 205 129 216 20 109 93 73 149 127 61 245 9 235 175 0 105 110 120 184 255 187 225 232 194 172 71 178 216 7 113 48 181 171 76 41 218 122 150 58 22 59 245 171 9 238 229 87 11 206 137 29 152 57 151 53 44 200 123 156 7 142 234 54 245 153 134 146 115 49 189 242 254 78 141 242 48 42 33 42 25 99 23 22 9 30 239 31 153 174 137 219 96 80 224 199 240 73 221 200 12 105 222 152 52 161 201 160 
65 188 244 1 161 10 156 8 240 148 54 35 231 18 36 229 107 30 107 7 93 175 0 235 147 113 192 123 205 152 142 27 22 54 112 150 178 19 63 66 161 83 127 100 146 248 150 138 47 175 20 237 239 73 99 180 118 131 63 99 6 208 99 76 146 153 80 127 86 206 40 5 211 0 140 226 39 149 237 51 85 187 93 210 72 72 75 195 53 12 112 39 188 156 168 45 59 164 74 59 116 177 199 164 232 230 189 139 169 141 109 83 224 208 86 236 8 222 228 74 9 253 52 127 59 215 155 219 141 52 32 244 36 237 67 49 130 211 125 105 141 68 241 64 237 25 184 200 204 73 122 189 79 18 43 155 112 229 232 59 18 91 244 71 225 39 53 144 170 143 69 230 98 244 162 88 113 110 154 85 223 185 251 172 220 54 11 153 143 106 166 80 213 192 65 118 95 116 14 10 214 27 248 225 234 101 3 95 110 92 249 10 161 34 250 165 217 56 42 218 197 157 150 73 114 235 29 22 158 163 218 35 188 128 186 219 142 130 129 210 6 97 221 187 99 149 85 161 172 91 181 172 138 197 34 186 
145 145 1 208 205 20 123 80 187 96 6 134 27 51 75 137 92 133 66 156 92 182 235 0 81 14 93 186 181 67 230 66 108 183 173 200 176 95 5 168 0 216 140 183 63 152 247 137 104 52 30 216 13 95 165 126 146 194 247 22 211 241 199 167 54 37 37 250 73 21 6 252 52 37 75 155 107 12 67 57 69 98 53 143 52 91 102 200 21 48 67 43 4 111 60 40 217 44 207 165 114 17 155 34 90 138 53 100 129 13 153 156 160 154 116 43 187 18 224 231 55 61 132 223 31 248 124 67 114 82 67 136 53 61 20 178 202 57 157 69 63 100 125 80 8 136 0 83 230 76 199 45 179 31 75 166 121 96 91 248 196 125 137 44 66 150 136 244 160 23 136 172 73 240 227 86 211 4 213 0 81 254 75 137 41 238 32 148 204 119 214 239 60 191 22 66 248 163 239 70 202 183 178 16 87 160 25 80 182 27 165 210 85 30 35 77 209 169 5 122 218 48 124 112 65 63 174 161 73 80 61 225 131 6 167 248 103 108 210 210 239 115 233 82 138 36 206 162 220 44 73 124 70 11 59 161 
94 170 67 148 235 202 117 22 64 176 99 94 120 22 94 135 56 198 37 171 225 164 147 81 0 81 179 191 95 245 178 240 155 173 49 107 191 100 208 209 50 115 121 166 134 223 176 163 38 243 159 36 162 36 74 15 156 100 235 171 131 164 42 181 4 163 58 54 147 191 86 185 116 165 243 90 98 201 210 21 56 103 218 175 230 202 102 12 195 21 252 134 219 76 120 122 127 227 202 192 53 145 156 123 188 22 86 164 158 19 120 195 118 139 59 164 67 85 74 80 237 28 113 188 107 131 36 140 195 47 175 156 243 167 97 227 202 209 127 22 100 191 129 190 222 175 116 118 63 98 213 80 222 136 33 51 249 21 216 50 68 144 149 35 95 11 25 203 9 171 58 187 86 132 245 154 41 79 206 54 109 139 29 13 134 75 12 89 54 132 24 77 15 195 115 119 70 143 134 108 169 33 34 207 125 98 229 184 194 221 92 200 117 18 252 162 147 133 213 160 8 218 229 116 150 144 45 16 97 193 211 80 68 59 77 37 137 210 104 91 255 196 171 238 18 79 94 187 206 32 82 240 104 79 193 19 
67 36 9 175 2 0 155 54 249 215 80 228 139 198 117 231 212 140 13 121 62 118 113 14 81 0 218 138 230 92 66 231 184 101 146 254 93 193 244 14 72 238 242 7 96 156 144 78 214 100 197 51 171 136 104 85 148 12 153 183 144 241 4 106 33 178 171 219 83 32 133 243 202 32 119 16 82 38 71 47 248 195 67 171 143 207 207 113 3 88 208 161 45 207 49 64 213 44 83 183 199 178 168 248 34 44 230 39 141 189 146 179 244 40 17 195 7 154 211 112 156 40 64 80 63 50 102 202 176 47 212 237 239 10 39 197 6 240 246 12 220 177 195 144 1 11 138 187 80 92 111 122 115 11 80 176 248 122 60 176 207 17 230 228 245 53 195 218 238 66 76 71 52 26 148 244 252 96 120 101 85 207 220 120 160 145 230 219 147 156 226 53 85 94 38 170 45 203 39 215 110 2 52 144 165 60 150 195 222 206 191 240 57 134 160 88 29 238 167 209 114 172 252 124 33 47 149 20 151 43 181 219 66 114 14 243 55 77 31 19 105 77 86 129 121 247 187 164 150 34 40 19 92 242 63 84 
197 146 207 233 31 141 164 172 208 149 233 103 119 98 51 91 185 139 51 103 234 223 192 93 179 218 0 27 39 165 238 62 111 182 118 115 72 225 8 58 0 46 88 161 159 10 23 28 116 119 246 140 34 136 173 134 18 69 243 123 140 88 176 225 134 98 192 40 12 157 233 148 103 210 212 137 44 146 49 132 144 77 200 111 124 253 40 188 200 34 42 149 6 232 60 128 14 76 249 155 47 144 64 126 167 142 181 165 192 109 195 70 125 108 21 16 5 198 223 83 175 52 154 178 121 123 39 44 77 159 85 177 95 123 9 51 248 54 115 190 167 13 245 165 212 92 89 253 254 18 69 64 159 179 87 103 135 101 8 191 237 195 78 186 171 227 119 29 122 206 230 114 172 211 35 23 84 60 105 70 67 76 144 236 25 123 142 242 46 122 84 215 219 222 28 210 215 1 134 238 90 226 148 254 126 84 176 98 13 34 162 28 248 95 76 61 65 146 156 29 5 233 62 184 224 169 195 106 123 238 176 51 201 218 181 217 232 106 27 210 128 18 245 225 49 88 90 81 241 240 37 39 166 38 39 111 
230 145 190 20 10 246 81 162 79 46 167 235 180 25 208 213 236 176 32 198 143 157 123 186 191 138 27 0 100 45 55 118 101 108 85 220 62 210 122 141 124 149 222 2 42 18 70 21 39 4 215 110 86 254 160 50 168 96 14 221 234 213 25 190 176 231 63 54 148 105 254 84 14 42 155 181 10 231 171 174 96 242 106 171 160 89 217 179 198 5 143 13 182 100 148 216 41 35 222 223 112 12 125 1 158 203 11 74 140 218 250 76 102 98 123 201 68 73 244 105 162 210 238 91 36 63 201 63 112 12 156 38 122 67 63 166 28 173 59 69 113 46 65 221 115 167 218 198 79 123 99 90 175 242 159 254 58 158 91 26 85 67 236 109 233 119 187 131 137 49 143 104 29 168 129 32 167 112 68 159 70 124 88 83 177 166 231 87 219 18 148 31 1 203 113 243 223 183 115 187 4 62 16 231 221 181 85 139 56 130 90 205 32 101 42 112 104 0 248 163 57 237 155 29 83 104 221 157 20 249 13 73 48 246 129 45 158 177 232 25 41 91 121 245 199 78 61 35 216 35 30 118 243 3 79 176 
151 228 124 211 225 250 166 41 209 185 6 85 126 198 220 59 34 238 234 73 22 94 205 181 95 230 39 100 0 12 44 237 44 86 90 32 194 123 42 195 180 144 201 196 129 252 70 7 73 174 253 221 74 179 155 114 150 94 78 50 148 45 178 21 112 89 216 61 86 202 41 245 123 62 247 3 74 236 89 155 34 252 76 142 190 98 51 152 160 139 232 240 32 37 127 82 233 81 9 175 148 3 81 238 134 152 161 73 70 33 228 149 83 192 210 96 239 50 233 3 12 116 227 255 98 50 22 168 95 233 84 120 125 251 241 112 251 104 77 42 250 106 199 162 166 190 70 175 6 30 96 68 0 223 135 216 106 144 60 198 244 2 31 0 79 62 249 177 81 194 252 87 94 246 57 164 26 71 33 233 4 192 107 230 121 111 97 73 44 221 224 83 36 198 132 4 159 67 247 162 17 216 153 51 142 140 125 132 74 166 253 194 111 221 26 71 76 105 180 95 147 72 54 100 58 142 247 59 52 120 222 137 180 204 11 54 213 204 2 108 150 154 43 105 253 19 222 8 117 168 203 109 50 251 127 162 
18 173 73 192 206 97 191 153 187 232 238 20 97 86 204 27 178 181 158 249 211 142 152 67 245 92 165 45 12 0 197 17 117 52 40 176 29 93 12 234 97 176 170 227 110 240 118 102 18 47 200 48 52 125 68 67 160 164 29 70 252 139 113 113 167 234 202 121 131 109 204 216 151 98 4 77 27 149 137 237 189 46 138 154 94 171 218 99 102 206 102 17 144 106 226 142 135 154 207 200 108 208 157 50 135 109 159 22 125 78 210 98 49 101 81 105 169 72 121 203 110 150 192 5 137 110 3 46 0 71 58 144 194 33 74 30 98 35 156 19 244 89 181 10 253 202 74 151 196 80 45 144 236 250 197 1 36 114 63 118 10 127 150 182 70 252 134 72 87 38 15 164 147 4 28 140 129 223 3 213 155 149 75 131 15 65 98 73 41 230 61 51 199 212 239 229 163 208 193 219 207 107 234 122 75 230 93 82 123 51 184 130 74 225 62 205 4 30 235 245 75 105 139 120 25 148 11 192 216 110 147 222 199 139 211 209 2 242 72 127 76 104 37 63 148 35 50 55 77 91 76 39 163 130 186 7 
107 205 127 190 205 216 39 227 100 168 93 193 108 192 165 56 170 149 6 78 29 12 142 230 178 66 238 55 44 197 0 55 48 119 2 102 232 63 139 200 245 93 188 37 254 250 240 122 41 90 168 109 24 13 169 247 171 235 127 223 16 116 14 188 232 196 237 204 55 199 18 252 118 37 225 21 50 214 213 241 160 25 170 10 15 63 89 43 14 164 75 162 213 10 181 186 39 160 168 214 44 27 81 224 155 83 67 11 215 60 86 129 222 50 2 10 38 235 39 162 73 107 3 137 177 235 255 65 28 31 247 53 37 212 252 18 107 6 138 236 27 114 200 18 193 108 82 29 153 222 172 112 7 32 123 98 8 160 116 233 11 218 215 225 17 13 179 188 249 27 67 126 56 65 249 37 212 107 93 196 156 224 125 175 254 245 92 14 202 176 42 218 215 68 121 202 57 204 137 31 83 228 176 151 128 204 6 253 161 34 232 153 48 217 28 133 194 5 96 147 170 255 145 202 69 210 32 93 84 127 132 182 69 60 139 178 222 20 73 25 4 72 177 162 149 76 26 10 157 143 197 214 254 33 151 126 
225 183 26 161 197 251 107 225 90 125 225 8 13 89 4 2 251 69 103 138 28 188 27 66 240 231 62 118 237 17 55 0 121 94 93 76 97 19 132 123 121 132 87 112 49 184 207 91 246 76 18 56 180 160 234 134 19 84 142 135 194 34 156 72 43 85 49 39 210 30 30 196 108 2 162 139 28 101 235 120 70 88 193 242 28 203 230 146 113 152 250 182 74 66 184 0 19 36 137 65 113 152 237 66 195 39 218 176 185 129 77 30 221 208 42 37 4 197 7 149 248 75 197 153 28 41 207 247 19 111 165 103 162 178 205 153 112 61 22 206 183 132 52 88 237 222 251 106 214 89 198 22 42 215 162 251 111 11 249 113 150 142 209 222 90 63 140 26 53 243 100 75 95 140 47 175 158 124 58 185 196 198 185 118 160 20 125 217 218 68 187 14 169 199 17 45 109 46 135 18 1 82 25 165 9 161 230 143 179 135 149 136 232 181 91 129 9 218 246 175 164 238 139 188 77 218 32 61 160 157 192 60 165 152 161 9 106 49 133 89 173 86 59 128 102 11 128 92 183 195 167 240 70 223 49 162 
75 10 38 182 159 14 126 148 24 118 99 129 253 253 201 118 130 16 244 43 15 231 22 108 155 184 111 101 44 117 48 121 0 130 67 85 57 4 3 218 209 94 119 81 77 98 65 37 199 219 85 235 53 34 3 8 86 76 136 163 40 139 170 106 132 140 204 235 203 24 232 147 178 190 57 185 224 156 211 215 248 241 41 148 119 113 44 51 8 248 138 184 79 226 10 107 40 240 226 38 19 58 183 34 45 107 69 244 26 168 254 180 202 145 208 30 165 100 176 50 99 219 250 245 202 89 78 170 61 168 42 220 253 219 39 14 228 56 146 131 139 244 64 132 229 73 84 215 146 11 118 100 18 245 47 237 148 183 42 122 48 21 224 222 87 254 178 247 79 20 119 27 166 53 128 113 11 149 116 243 120 76 150 196 184 53 147 59 25 77 140 255 144 40 124 193 60 129 170 200 88 86 98 0 102 177 72 85 35 77 221 193 119 191 169 7 139 33 197 206 55 229 222 235 96 61 19 139 73 174 89 227 155 227 247 88 84 249 183 11 123 25 98 238 30 21 95 239 215 151 85 108 249 94 62 141 
122 65 87 150 154 62 62 67 36 139 187 124 46 44 252 120 83 3 209 93 116 230 54 183 173 101 182 108 86 52 119 94 130 0 243 60 12 189 29 152 189 185 185 164 16 10 133 141 158 95 207 85 188 119 133 134 255 76 202 35 165 252 112 116 46 182 182 105 138 63 168 183 89 83 84 225 34 142 0 220 92 1 141 237 77 180 116 201 39 45 48 113 122 17 64 43 53 235 136 113 38 177 203 92 150 79 29 238 143 80 15 66 235 24 203 187 108 5 18 18 112 199 129 91 162 49 96 102 247 102 1 46 108 152 187 100 64 202 132 177 80 5 1 91 164 216 139 217 173 166 169 162 96 134 209 10 77 102 120 42 66 112 60 165 151 239 189 178 144 189 136 131 141 139 214 74 50 179 171 100 186 26 237 83 50 211 25 180 130 134 126 4 145 131 160 191 26 151 165 253 80 79 29 234 154 196 90 104 66 151 32 73 41 194 92 183 246 13 96 114 61 197 238 28 131 193 32 56 105 39 167 92 151 143 181 171 212 244 47 218 100 187 227 125 214 10 31 62 128 47 65 174 179 255 61 112 
98 0 207 160 109 106 90 165 162 85 16 82 39 94 125 227 63 244 45 126 222 44 112 173 49 146 118 85 90 40 2 93 67 243 0 195 61 127 72 138 165 245 32 143 38 97 182 231 34 60 142 160 131 36 49 74 193 1 226 178 167 76 171 55 74 245 185 238 149 11 133 232 147 169 117 223 123 22 104 245 248 17 40 65 237 52 133 159 10 238 220 152 228 197 167 72 74 247 117 229 87 87 128 235 233 121 82 28 190 134 172 41 162 182 79 87 23 173 44 107 115 127 232 219 11 67 22 62 187 118 162 27 194 116 150 219 104 193 39 216 116 31 112 42 50 101 234 109 80 89 143 52 172 26 138 5 104 164 111 39 204 21 152 81 78 37 126 127 211 78 223 195 227 157 240 239 4 180 196 240 62 87 229 229 95 19 226 30 5 233 31 62 171 181 148 80 137 144 18 8 132 128 163 96 253 198 104 132 159 169 21 210 146 246 199 197 164 100 134 29 253 100 11 139 226 119 103 13 200 237 203 191 232 49 237 208 50 181 138 38 158 58 124 220 208 214 186 126 160 111 229 172 246 205 45 42 
250 177 99 114 73 56 50 38 67 50 164 57 102 71 175 64 195 91 98 81 114 77 150 200 107 254 115 220 32 176 102 76 85 60 195 0 227 92 210 205 32 176 122 243 88 243 92 53 185 77 99 78 20 194 220 56 162 194 53 157 190 75 183 197 85 170 202 179 105 34 9 181 59 180 185 183 212 16 216 33 202 67 6 32 244 215 161 176 71 195 159 30 7 31 236 161 155 157 199 76 7 194 220 85 118 223 151 218 30 221 124 169 66 68 158 182 247 24 244 31 136 247 195 121 35 14 179 120 119 11 139 219 135 36 16 167 215 193 247 168 184 221 201 123 65 194 80 222 137 97 82 158 193 164 68 184 116 39 252 164 11 157 6 226 126 119 91 254 72 187 49 245 65 36 159 151 52 206 122 177 49 240 17 220 129 0 128 15 212 238 11 134 219 36 74 120 171 192 137 112 179 20 99 228 181 156 138 26 210 159 205 151 251 242 72 52 51 64 120 123 118 230 145 207 249 88 63 241 148 12 81 52 98 152 2 250 12 130 201 149 134 42 186 41 103 5 168 243 91 97 37 227 103 177 207 152 
70 144 61 19 167 54 29 21 243 154 217 231 84 32 88 99 196 122 26 205 128 133 178 176 191 93 72 62 194 29 232 97 57 12 61 227 0 211 240 241 167 220 216 74 116 53 42 32 240 189 187 167 137 209 92 189 126 84 28 181 85 230 41 206 67 44 55 66 206 60 157 242 98 231 29 141 15 44 218 235 213 156 118 158 103 23 115 255 91 112 94 239 182 10 235 215 85 9 95 89 117 38 92 94 237 53 147 131 220 188 244 233 227 162 153 190 178 95 240 210 200 166 100 98 118 51 136 130 71 97 209 174 66 137 171 240 80 6 152 87 212 120 145 104 172 11 120 223 177 133 169 132 135 12 110 29 25 136 37 48 239 186 71 84 4 251 25 180 40 181 73 147 191 140 28 169 1 96 96 28 51 91 117 14 247 219 253 19 21 123 44 154 8 231 234 160 105 124 175 207 169 93 72 100 200 135 92 69 31 220 104 27 237 61 246 25 211 217 100 233 214 236 250 127 244 203 62 6 144 242 186 229 199 62 172 15 144 247 121 74 163 177 19 147 238 147 5 223 95 209 190 36 122 97 216 78 
179 211 138 169 103 159 35 91 249 200 157 148 22 58 20 97 65 1 168 62 156 74 19 95 100 193 225 210 123 93 63 19 4 189 127 92 211 0 128 62 22 121 251 214 114 144 255 89 161 3 52 86 125 145 195 177 64 172 158 202 50 99 113 135 207 76 193 197 167 76 50 156 32 214 74 143 254 125 71 222 49 28 198 200 212 205 76 215 224 148 224 56 231 127 235 171 94 108 175 70 207 171 147 104 108 216 83 3 83 144 163 204 194 143 186 40 65 210 228 49 3 240 192 111 168 84 10 83 110 130 103 180 232 33 13 156 149 21 13 213 112 178 225 88 183 248 203 235 224 154 17 171 173 133 53 142 238 137 42 109 236 89 185 2 161 117 189 16 227 130 206 216 122 175 247 150 197 30 213 79 147 123 133 59 244 188 126 242 29 233 99 187 77 71 232 71 100 136 212 136 13 7 97 45 51 173 137 228 115 207 34 92 123 28 50 237 242 92 148 228 32 218 145 204 138 87 27 223 56 80 255 226 246 141 112 153 79 194 13 142 70 117 173 56 225 159 158 83 0 28 39 177 19 40 66 116 
87 101 234 122 66 121 182 141 62 151 131 132 252 194 59 188 191 223 136 191 12 203 63 5 208 244 8 122 42 12 139 132 3 29 72 210 240 128 0 31 91 19 18 93 84 74 227 6 42 192 133 32 25 33 60 27 199 217 76 41 140 254 208 193 117 188 188 157 175 4 74 98 105 135 211 40 31 19 43 133 195 200 55 44 59 119 160 44 49 30 181 54 230 153 79 117 67 91 245 81 90 155 160 215 63 193 11 155 37 122 190 138 193 23 181 18 235 242 221 73 85 46 142 211 12 237 203 30 171 80 74 195 252 157 135 229 15 227 249 58 172 217 187 244 78 19 218 86 24 97 59 178 65 5 133 150 193 23 72 239 202 133 131 165 134 242 69 128 56 111 34 154 39 195 173 240 152 138 32 131 114 99 144 42 201 126 66 193 249 5 163 139 177 238 25 147 12 182 219 62 98 124 78 54 139 4 253 143 160 155 152 49 12 235 244 175 140 202 33 159 219 234 198 141 35 139 112 236 49 6 3 86 140 29 30 246 30 41 10 225 16 117 149 94 163 240 47 100 32 111 188 220 125 117 190 223 
32 155 78 4 92 15 20 11 129 121 44 247 195 155 161 88 49 84 164 121 171 149 66 168 209 14 58 141 195 234 200 123 218 152 138 205 241 62 31 0 167 128 10 87 92 44 45 17 120 135 169 249 62 13 91 42 154 99 130 179 240 188 109 36 233 43 197 97 213 85 47 96 86 193 47 87 87 181 9 35 7 99 180 26 164 230 117 150 100 182 116 20 164 98 174 67 21 91 179 38 105 119 174 82 250 210 123 134 184 233 5 114 255 218 244 184 154 95 215 3 246 1 224 29 107 218 122 0 75 74 188 130 51 144 117 28 245 29 233 236 171 38 80 209 182 210 229 46 177 51 141 88 54 40 14 242 151 68 91 30 114 253 166 124 66 108 1 209 113 97 194 236 150 168 229 29 37 230 172 150 106 202 238 226 236 199 181 239 222 197 137 44 51 244 229 149 146 127 6 11 87 172 11 84 14 45 10 76 235 141 148 65 92 96 243 71 80 108 73 181 171 156 107 0 155 90 138 144 156 62 78 142 144 116 218 10 178 2 223 239 177 247 148 108 83 47 180 124 30 37 128 25 149 201 71 211 
116 156 227 76 252 153 128 176 4 99 194 253 218 212 110 132 202 89 255 2 120 88 161 0 50 72 0 124 180 97 245 121 209 189 165 32 167 22 91 167 0 98 48 132 186 31 186 245 61 16 64 28 214 79 246 94 148 124 36 101 184 227 28 132 84 180 232 128 99 99 229 191 151 101 236 179 40 168 1 132 212 41 105 86 194 237 176 107 163 102 169 179 216 251 111 48 17 190 75 66 119 47 153 135 237 195 9 73 124 72 198 113 249 168 106 201 163 40 235 91 27 66 176 211 253 237 7 219 136 224 17 167 89 36 63 229 86 34 17 254 155 14 204 121 19 56 78 149 55 104 21 126 199 165 167 145 136 108 157 0 81 247 14 188 132 76 35 103 6 163 152 153 237 178 150 105 111 148 169 63 92 117 217 48 91 220 44 141 106 13 130 15 131 86 228 173 169 3 238 100 229 244 177 61 141 254 222 182 54 249 175 53 243 221 4 224 249 74 166 170 205 182 108 50 125 150 10 242 74 119 173 184 72 28 81 26 3 109 76 132 169 110 220 184 209 183 90 163 177 173 22 13 118 138 189 173 
141 68 175 152 242 136 82 249 131 115 14 170 216 138 90 108 47 185 165 152 195 176 83 216 115 238 46 149 144 176 93 132 94 185 245 176 220 121 19 128 98 0 60 102 179 30 170 206 12 66 197 91 46 222 238 133 250 135 51 67 174 193 81 64 199 193 92 207 159 46 98 212 221 100 195 239 5 240 161 87 37 164 198 199 141 126 54 103 54 72 189 109 250 78 11 204 124 196 118 29 66 120 35 96 7 251 5 54 36 6 204 94 130 197 59 4 139 214 53 31 10 73 219 28 83 167 27 152 104 142 85 170 76 251 123 213 48 35 232 11 148 202 154 21 188 146 3 172 86 140 94 35 14 140 61 32 3 14 145 236 165 231 89 24 252 178 174 134 93 118 202 7 114 16 179 27 65 128 122 222 221 209 225 146 249 248 238 151 32 104 117 30 55 15 130 239 224 213 22 58 18 136 32 10 252 222 61 15 192 80 188 116 115 106 205 170 122 36 231 98 49 77 237 231 192 214 247 211 97 189 117 112 56 139 147 196 245 238 133 206 183 148 13 103 238 146 49 249 214 253 103 230 230 14 254 150 
226 18 132 167 224 87 149 23 206 180 252 210 167 0 55 103 199 64 118 35 82 61 127 140 121 242 88 222 201 170 188 87 119 185 32 122 216 251 18 10 48 60 0 144 177 245 48 8 223 130 156 14 24 54 207 88 88 121 189 172 117 242 214 177 39 178 193 202 210 155 147 109 51 110 157 159 77 179 196 249 79 46 215 159 156 69 196 227 245 135 174 133 57 124 60 49 167 40 31 50 61 20 182 213 217 57 238 230 40 171 155 32 90 49 146 58 225 236 231 248 241 89 227 135 11 50 73 111 135 176 94 248 113 135 20 5 149 50 192 165 170 212 235 148 176 75 186 115 59 165 212 82 6 235 167 122 131 58 234 230 77 194 18 193 103 97 202 210 53 49 26 6 61 71 96 177 156 197 213 39 215 153 180 10 245 125 252 117 115 31 244 108 11 190 91 232 104 156 252 156 3 106 203 171 232 215 76 101 211 174 162 2 168 150 129 124 168 234 235 200 107 206 255 139 157 121 244 54 130 111 202 10 235 92 44 160 233 12 72 46 75 89 163 18 118 13 208 120 133 205 228 146 140 59 224 206 
